NUCLEUS	A	Z	N	SPIN	PARITY	P-factor	Beta_2	MAGNETIC MOMENT [µ]	QUADRUPOLE MOMENT [Q]	Nn	Np
1 H 2	2	1	1	1	1	0.5		0.857438228	0.002860	1	1
3 Li 6	6	3	3	1	1	0.5		0.82205667	-0.00083	1	1
3 Li 8	8	3	5	2	1	0.75	1,024	1.65356	0.0314	3	1
5 B 8	8	5	3	2	1	0.75		1.0355	0.0683	1	3
5 B 10	10	5	5	3	1	1.5		1.80064478	0.08472	3	3
5 B 12	12	5	7	1	1	0.75	0.701	1.00306	0.0134	1	3
5 B 14	14	5	9	2	-1	0.75	0.88	1.185	0.0297	1	3
7 N 12	12	7	5	1	1	0.75	0.701	0.4571	0.098	3	1
7 N 14	14	7	7	1	1	0.5	0.583	0.40376100	0.0208	1	1
7 N 16	16	7	9	2	-1	0.5	0.361	1.9859	0.018	1	1
7 N 18	18	7	11	1	-1	0.75	0.323	0.3273	0.0123	3	1
9 F 20	20	9	11	2	1	0.75	0.347	2.09335	-0.042	3	1
9 F 22	22	9	13	4	1	0.857142857	0.269	2.6944	0.003	6	1
11 Na 20	20	11	9	2	1	0.75	0.661	0.3694	0.101	1	3
11 Na 22	22	11	11	3	1	1.5	0.721	1.746	0.180	3	3
11 Na 24	24	11	13	4	1	2	0.5616	1.6903		6	3
11 Na 26	26	11	15	3	1	1.875	0.418	2.851	−0.0053	5	3
11 Na 28	28	11	17	1	1	1.5	0.413	2.426	0.395	3	3
11 Na 30	30	11	19	2	1	0.75	0.367	2.083	0.51	1	3
13 Al 26	26	13	13	5	1	2.5	0.6092	2.804	0.265	5	5
13 Al 28	28	13	15	3	1	2.5	0.4891	3.245	0.172	5	5
13 Al 30	30	13	17	3	1	1.875	0.503	3.027	0.121	3	5
13 Al 32	32	13	19	1	1	0.833333333	0.415	1.953	0.025	1	5
13 Al 34	34	13	21	4	-1	0.833333333	0.501	2.156	0.038	1	5
15 P 28	28	15	13	3	1	2.5	0.439	0.3115	0.137	5	5
15 P 32	32	15	17	1	1	1.875	0.3105	-0.252		3	5
17 Cl 32	32	17	15	1	1	1.875	0.339	1.114		5	3
17 Cl 36	36	17	19	2	1	0.75	0.250	1.28547	-0.0180	1	3
17 Cl 38	38	17	21	2	-1	0.75	0.1569	2.05		1	3
17 Cl 44	44	17	27	2	-1	0.75	0.300	-0.2749		1	3
19 K 36	36	19	17	2	1	0.75	0.261	0.548		3	1
19 K 38	38	19	19	3	1	0.5	0.257	1.371		1	1
19 K 40	40	19	21	4	-1	0.5	0.1595	-1.298100	−0.061	1	1
19 K 42	42	19	23	2	-1	0.75	0.2519	-1.1425		3	1
19 K 44	44	19	25	2	-1	0.75	0.273	-0.856		3	1
19 K 46	46	19	27	2	-1	0.5	0.246	-1.051		1	1
19 K 48	48	19	29	1	-1	0.5	0.196	-0.8997		1	1
21 Sc 40	40	21	19	4	-1	0.5	0.127	5.57		1	1
21 Sc 44	44	21	23	2	1	0.75	0.2312	2.56	0.10	3	1
21 Sc 46	46	21	25	4	1	0.75	0.2522	3.03	0.119	3	1
21 Sc 48	48	21	27	6	1	0.5	0.1468	3.785		1	1
23 V 48	48	23	25	4	1	1.5	0.3175	2.012		3	3
23 V 50	50	23	27	6	1	0.75	0.2575	3.339562	0.21	1	3
25 Mn 52	52	25	27	6	1	0.75	0.2897	3.0543	0.53	1	3
25 Mn 54	54	25	29	3	1	0.75	0.2170	3.2724	0.35	1	3
25 Mn 56	56	25	31	3	1	1.5	0.2478	3.2266	0.24	3	3
25 Mn 58	58	25	33	1	1	2.5	0.195	2.624	0.03	5	5
25 Mn 60	60	25	35	1	1	2.1	0.252	2.489	0.1	7	3
25 Mn 62	62	25	37	1	1	2.25	0.275	2.385	0.1	9	3
25 Mn 64	64	25	39	1	1	2.357142857	0.322	2.086	0.21	11	3
27 Co 56	56	27	29	4	1	0.5	0.193	3.85	0.25	1	1
27 Co 58	58	27	31	2	1	0.75	0.239	4.044	0.22	3	1
27 Co 60	60	27	33	5	1	0.833333333	0.270	3.799	0.44	5	1
29 Cu 58	58	29	29	1	1	0.5	0.151	0.570	-0.15	1	1
29 Cu 60	60	29	31	2	1	0.75	0.1768	1.2186	0.116	3	1
29 Cu 62	62	29	33	1	1	0.833333333	0.2052	-0.3796	-0.022	5	1
29 Cu 64	64	29	35	1	1	0.875	0.1977	−0.2164	0.072	7	1
29 Cu 66	66	29	37	1	1	0.9	0.1686	-0.2823	0.056	9	1
29 Cu 68	68	29	39	1	1	0.916666667	0.1558	2.3933	-0.082	11	1
29 Cu 70	70	29	41	6	-1	0.9	0.101	1.3666	-0.285	9	1
29 Cu 72	72	29	43	2	-1	0.875	0.179	-1.3472	0.08	7	1
29 Cu 74	74	29	45	2	-1	0.833333333	0.125	-1.068	0.26	5	1
29 Cu 76	76	29	47	3	-1	0.75	0.149	-1.0895	0.34	3	1
29 Cu 78	78	29	49	6	-1	0.5	0.08	0.238	0.02	1	1
31 Ga 68	68	31	37	1	1	3.214285714	0.2198	0.01175	0.0277	9	5
31 Ga 70	70	31	39	1	1	3.4375	0.2015	0.571	0.105	11	5
31 Ga 72	72	31	41	3	-1	2.25	0.2218	-0.13214	0.520	9	3
31 Ga 74	74	31	43	4	-1	2.1	0.243	0.00	0.604	7	3
31 Ga 76	76	31	45	2	1	1.875	0.2430	-0.946	0.329	5	3
31 Ga 78	78	31	47	2	1	1.5	0.206	-1.215	0.317	3	3
31 Ga 80	80	31	49	3	-1	0.75	0.147	-1.425	0.375	1	3
31 Ga 82	82	31	51	2	1	0.75	0.141	0.449	0.200	1	3
33 As 70	70	33	37	4	1	3.214285714	0.1923	2.1061	0.094	9	5
33 As 72	72	33	39	2	-1	3.4375	0.2264	-2.1566	-0.082	11	5
33 As 74	74	33	41	2	-1	3.214285714	0.2400	-1.597		9	5
33 As 76	76	33	43	2	-1	2.916666667	0.285	-0.906	7	7	5
35 Br 72	72	35	37	3	1	3.9375	0.207	0.60		9	7
35 Br 76	76	35	41	1	-1	3.9375	0.2902	0.5479	0.27	9	7
35 Br 78	78	35	43	1	1	3.5	0.3133	0.08		7	7
35 Br 80	80	35	45	1	1	2.916666667	0.2744	0.5138	0.199	5	7
35 Br 82	82	35	47	5	-1	2.1	0.2314	1.6270	0.697	3	7
35 Br 84	84	35	49	2	-1	0.875	0.1939	1.9		1	7
37 Rb 76	76	37	39	1	-1	4.95	0.363	-0.376	0.38	11	9
37 Rb 80	80	37	43	1	1	3.9375	0.3524	-0.0833	0.348	7	9
37 Rb 82	82	37	45	1	1	3.214285714	0.2686	0.5536	0.190	5	9
37 Rb 84	84	37	47	2	-1	2.25	0.2031	-1.3246	-0.015	3	9
37 Rb 86	86	37	49	2	-1	0.9	0.1500	-1.6977	0.193	1	9
37 Rb 88	88	37	51	2	-1	0.9	0.1347	0.5117	-0.012	1	9
37 Rb 94	94	37	57	3	-1	3.9375	0.1805	1.4984	0.163	7	9
37 Rb 96	96	37	59	2	-1	4.5	0.194	1.4658	0.246	9	9
39 Y 88	88	39	49	4	-1	0.916666667	0.1439	-0.42	0.16	1	11
39 Y 90	90	39	51	2	-1	0.916666667	0.1163	-1.623	−0.155	1	11
39 Y 92	92	39	53	2	-1	2.357142857	0.122	-0.67	0.00	3	11
39 Y 94	94	39	55	2	-1	3.4375	0.116	-0.24	-0.03	5	11
39 Y 100	100	39	61	3	1	5.5	0.4010	2.55	1.71	11	11
39 Y 102	102	39	63	2	1	5.958333333	0.392	2.34	1.17	13	11
39 Y 102	102	39	63	3	1	5.958333333	0.392	2.68	1.36	13	11
41 Nb 90	90	41	49	8	1	0.928571429	0.1077	4.952	0.01	1	13
41 Nb 92	92	41	51	7	1	0.928571429	0.0907	5.136	-0.35	1	13
41 Nb 96	96	41	55	6	1	3.214285714	0.882	4.976		5	9
43 Tc 94	94	43	51	7	1	0.875	0.1061	5.075		1	7
43 Tc 96	96	43	53	7	1	2.1	0.1525	5.040		3	7
43 Tc 98	98	43	55	6	1	2.916666667	0.1740	4.651	0.036	5	7
45 Rh 102	102	45	57	2	-1	2.916666667	0.21569	0.45		7	5
45 Rh 106	106	45	61	1	1	3.4375	0.2717	2.51		11	5
47 Ag 98	98	47	51	6	1	0.75	0.053	4.64		1	3
47 Ag 100	100	47	53	5	1	1.5	0.06804	4.37		3	3
47 Ag 102	102	47	55	6	1	1.875	0.1728	4.6		5	3
47 Ag 104	104	47	57	5	1	2.1	0.1965	3.919	1.01	7	3
47 Ag 106	106	47	59	1	1	2.25	0.2080	2.85		9	3
47 Ag 108	108	47	61	1	1	2.357142857	0.2294	2.6884		11	3
47 Ag 110	110	47	63	1	1	2.4375	0.2437	2.7271	0.24	13	3
47 Ag 112	112	47	65	2	-1	2.5	0.2562	0.0545		15	3
49 In 104	104	49	55	5	1	0.833333333	0.1407	4.44	0.66	5	1
49 In 106	106	49	57	7	1	0.875	0.160	4.916	0.97	7	1
49 In 108	108	49	59	7	1	0.9	0.1726	4.561	1.005	9	1
49 In 110	110	49	61	7	1	0.916666667	0.1730	4.713	1.0	11	1
49 In 112	112	49	63	1	1	0.928571429	0.1723	2.82	0.082	13	1
49 In 114	114	49	65	1	1	0.9375	0.1848	2.817		15	1
49 In 116	116	49	67	1	1	0.944444444	0.1888	2.7876	0.11	17	1
49 In 120	120	49	71	5	1	0.916666667	0.1915	4.295	0.81	11	1
49 In 124	124	49	75	3	1	0.875	0.163	4.043	0.61	7	1
49 In 126	126	49	77	3	1	0.833333333	0.144	4.034	0.49	5	1
51 Sb 114	114	51	63	3	1	0.928571429	0.1207	1.72		13	1
51 Sb 116	116	51	65	3	1	0.9375	0.1147	2.715		15	1
51 Sb 118	118	51	67	1	1	0.9375	0.1110	2.47		15	1
51 Sb 120	120	51	69	1	1	0.928571429	0.1100	2.3		13	1
51 Sb 122	122	51	71	2	-1	0.916666667	0.1063	-1.904	0.86	11	1
51 Sb 124	124	51	73	3	-1	0.9	0.1027	-1.20	1.87	9	1
51 Sb 126	126	51	75	8	-1	0.875	0.0942	1.28		7	1
51 Sb 128	128	51	77	8	-1	0.833333333	0.0825	1.31		5	1
53 I 118	118	53	65	2	-1	2.5	0.226	2.0		15	3
53 I 120	120	53	67	2	-1	2.55	0.175	1.23		17	3
53 I 122	122	53	69	1	1	2.4375	0.1903	0.94		13	3
53 I 124	124	53	71	2	-1	2.357142857	0.1834	1.446		11	3
53 I 126	126	53	73	2	-1	2.25	0.1684	1.438		9	3
53 I 130	130	53	77	5	1	1.875	0.1358	3.349		5	3
53 I 132	132	53	79	4	1	1.5	0.1185	3.088	0.09	3	3
55 Cs 118	118	55	63	2	1	3.611111111	0.2492	4.29	1.9	13	5
55 Cs 120	120	55	65	2	1	3.75	0.2633	3.87	1.36	15	5
55 Cs 122	122	55	67	1	1	3.863636364	0.2920	0.1333	-0.19	17	5
55 Cs 124	124	55	69	1	1	3.611111111	0.2544	0.674	-0.69	13	5
55 Cs 126	126	55	71	1	1	3.4375	0.2243	0.779	-0.64	11	5
55 Cs 128	128	55	73	1	1	3.214285714	0.1949	0.977	-0.570	9	5
55 Cs 130	130	55	75	1	1	2.916666667	0.1885	1.466	-0.059	7	5
55 Cs 132	132	55	77	2	-1	2.5	0.1671	2.223	0.49	5	5
55 Cs 134	134	55	79	4	1	1.875	0.1422	2.99	0.38	3	5
55 Cs 136	136	55	81	5	1	0.833333333	0.1158	3.71	0.17	1	5
55 Cs 138	138	55	83	3	-1	0.833333333	0.0949	0.700	0.12	1	5
55 Cs 140	140	55	85	1	-1	1.875	0.124	0.134	-0.10	3	5
55 Cs 144	144	55	89	1	-1	2.916666667	0.164	-0.546	0.30	7	5
55 Cs 146	146	55	91	1	-1	3.214285714	0.168	-0.515	0.21	9	5
57 La 138	138	57	81	5	1	0.875	0.1262	3.713646	0.39	1	7
57 La 140	140	57	83	3	-1	0.875	0.0933	0.730	0.094	1	7
59 Pr 142	142	59	83	2	-1	0.9	0.1018	0.234	0.039	1	9
61 Pm 138	138	61	77	3	1	3.4375	0.236	3.2		5	11
61 Pm 144	144	61	83	5	-1	0.916666667	0.0917	1.69		1	11
61 Pm 148	148	61	87	1	-1	3.4375	0.1512	1.84	0.2	5	11
63 Eu 138	138	63	75	6	-1	4.55	0.292	5.3		7	13
63 Eu 140	140	63	77	1	1	3.611111111	0.200	1.365	0.31	5	13
63 Eu 142	142	63	79	1	1	2.4375	0.179	1.536	0.12	3	13
63 Eu 144	144	63	81	1	1	0.928571429	0.144	1.893	0.10	1	13
63 Eu 146	146	63	83	4	-1	0.928571429	0.0869	1.425	-0.18	1	13
63 Eu 148	148	63	85	5	-1	2.4375	0.083	2.340	0.35	3	13
63 Eu 150	150	63	87	5	-1	3.611111111	0.1416	2.708	1.13	5	13
63 Eu 152	152	63	89	3	-1	4.55	0.1929	-1.96	2.54	7	13
63 Eu 154	154	63	91	3	-1	5.318181818	0.3065	-2.005	2.85	9	13
63 Eu 158	158	63	95	1	-1	6.5	0.434	1.44	0.66	13	13
65 Tb 148	148	65	83	2	-1	0.9375	0.019	-1.75	-0.3	1	15
65 Tb 150	150	65	85	2	-1	2.5	0.078	-0.90	0.00	3	15
65 Tb 152	152	65	87	2	-1	3.75	0.2053	-0.58	0.34	5	15
65 Tb 156	156	65	91	3	-1	5.625	0.3113	1.41	2.3	9	15
65 Tb 158	158	65	93	3	-1	6.346153846	0.3399	1.740	2.7	11	15
65 Tb 160	160	65	95	3	-1	6.964285714	0.3510	1.685	3.0	13	15
67 Ho 152	152	67	85	2	-1	2.5	0.126	-1.02	0.08	3	15
67 Ho 154	154	67	87	2	-1	3.75	0.101	-0.643	0.19	5	15
67 Ho 156	156	67	89	4	-1	4.772727273	0.2387	2.99	2.3	7	15
67 Ho 158	158	67	91	5	1	5.625	0.2933	3.77	4.1	9	15
67 Ho 160	160	67	93	5	1	6.346153846	0.3255	3.71	4.0	11	15
67 Ho 162	162	67	95	1	1	6.964285714	0.3360	2.32	0.71	13	15
69 Tm 154	154	69	85	2	-1	2.4375	0.116	-1.14	0.4	3	13
69 Tm 156	156	69	87	2	-1	3.611111111	0.161	0.40	-0.48	5	13
69 Tm 158	158	69	89	2	-1	4.55	0.1893	0.04	0.74	7	13
69 Tm 160	160	69	91	1	-1	5.318181818	0.2703	0.16	0.58	9	13
69 Tm 162	162	69	93	1	-1	5.958333333	0.3024	0.068	0.69	11	13
69 Tm 164	164	69	95	1	1	6.5	0.3232	2.38	0.71	13	13
69 Tm 166	166	69	97	2	1	6.964285714	0.3348	0.0926	2.14	15	13
69 Tm 168	168	69	99	3	1	7.366666667	0.3396	0.227	3.23	17	13
69 Tm 170	170	69	101	1	1	7.71875	0.3361	0.246	0.74	19	13
71 Lu 162	162	71	91	1	-1	4.95	0.2202	0.0553	0.519	9	11
71 Lu 164	164	71	93	1	-1	5.5	0.2606	0.0591	0.608	11	11
71 Lu 166	166	71	95	6	-1	5.958333333	0.2886	2.912	4.33	13	11
71 Lu 168	168	71	97	6	-1	6.346153846	0.3137	3.02	4.77	15	11
71 Lu 172	172	71	101	4	-1	6.966666667	0.3239	2.900	3.80	19	11
71 Lu 174	174	71	103	1	-1	7.21875	0.3315	1.988	0.773	21	11
71 Lu 176	176	71	105	7	-1	7.21875	0.3226	3.162	4.92	21	11
71 Lu 178	178	71	107	1	1	6.966666667	0.3014	-1.377	0.708	19	11
73 Ta 182	182	73	109	3	-1	5.884615385	0.273190	3.02	2.6	17	9
75 Re 180	180	75	105	1	-1	5.25	0.2650	1.6		21	7
75 Re 182	182	75	107	7	1	5.115384615	0.251	2.83	4.1	19	7
75 Re 184	184	75	109	3	-1	4.958333333	0.2485	2.53	2.9	17	7
75 Re 186	186	75	111	1	-1	4.772727273	0.2339	1.739	0.618	15	7
75 Re 188	188	75	113	1	-1	4.55	0.2257	1.788	0.572	13	7
77 Ir 180	180	77	103	5	1	4.038461538	0.2456	2.5		21	5
77 Ir 182	182	77	105	3	1	3.958333333	0.242	2.6	-1.7	19	5
77 Ir 184	184	77	107	5	-1	3.863636364	0.2352	0.696	2.41	17	5
77 Ir 186	186	77	109	5	1	3.75	0.242	3.88	-2.55	15	5
77 Ir 188	188	77	111	1	-1	3.611111111	0.2056	0.302	0.484	13	5
77 Ir 190	190	77	113	4	1	3.611111111	0.1844	0.04	2.85	13	5
77 Ir 192	192	77	115	4	-1	3.4375	0.1777	1.924	2.15	11	5
77 Ir 194	194	77	117	1	-1	3.214285714	0.1639	0.39	0.339	9	5
77 Ir 198	198	77	121	1	1	2.5	-0.122	0.13		5	5
79 Au 182	182	79	103	2	1	2.625	0.253	1.30		21	3
79 Au 184	184	79	105	5	1	2.625	0.2160	2.07	4.7	21	3
79 Au 186	186	79	107	3	-1	2.590909091	0.2244	-1.28	3.10	19	3
79 Au 188	188	79	109	1	-1	2.55	0.200	-0.07		17	3
79 Au 190	190	79	111	1	-1	2.5	0.183	-0.065		15	3
79 Au 192	192	79	113	1	-1	2.4375	0.1537	-0.0107	-0.228	13	3
79 Au 194	194	79	115	1	-1	2.357142857	0.1661	0.0763	-0.240	11	3
79 Au 196	196	79	117	2	-1	2.25	0.1421	0.580	0.81	9	3
79 Au 198	198	79	119	2	-1	2.1	0.1308	0.64	0.640	7	3
81 Tl 190	190	81	109	2	-1	0.944444444	0.145	0.254	-0.329	17	1
81 Tl 190	190	81	109	7	-1	0.944444444	0.145	0.487	0.285	17	1
81 Tl 192	192	81	111	2	-1	0.95	-0.061	0.200	-0.328	19	1
81 Tl 194	194	81	113	2	-1	0.954545455	-0.053	0.140	-0.282	21	1
81 Tl 196	196	81	115	2	-1	0.954545455	-0.053	0.072	-0.178	21	1
81 Tl 198	198	81	117	2	-1	0.9	0.1152	0.01		9	1
81 Tl 200	200	81	119	2	-1	0.875	0.1049	0.04		7	1
81 Tl 202	202	81	121	2	-1	0.833333333	0.0983	0.06		5	1
81 Tl 204	204	81	123	2	-1	0.75	0.0828	0.09		3	1
81 Tl 208	208	81	127	5	1	0.5	0.00033	0.292		1	1
83 Bi 190	190	83	107	3	1	0.95	0.0546	3.85		19	1
83 Bi 194	194	83	111	3	1	0.9375	-0.052	4.17		15	1
83 Bi 202	202	83	119	5	1	0.875	-0.044	Nis.49	-1	7	1
83 Bi 204	204	83	121	6	1	0.833333333	0.006036	4,322	-0.486	5	1
83 Bi 206	206	83	123	6	1	0.75	0.04078	4,361	-0.54	3	1
83 Bi 208	208	83	125	5	1	0.5	0.03198	4,572	-0.70	1	1
83 Bi 210	210	83	127	1	-1	0.5	0.0541	-0.0443	0.190	1	1
83 Bi 212	212	83	129	1	-1	0.75	0.0227	0.32	0.1	3	1
85 At 196	196	85	111	3	1	0.928571429	0.179	3.739	-0.64	13	1
85 At 200	200	85	115	3	1	2.357142857	0.116	4.28	-0.50	11	3
85 At 202	202	85	117	3	1	2.25	0.104	4.16	-0.54	9	3
85 At 204	204	85	119	7	1	2.1	0.106	4.84	-0.62	7	3
85 At 206	206	85	121	6	1	1.875	-0.053	4.39	-0.42	5	3
85 At 208	208	85	123	6	1	1.5	-0.044	Nis.46	-0.4	3	3
85 At 210	210	85	125	5	1	0.75	-0.018	4.75	-0.42	1	3
85 At 218	218	85	133	3	-1	2.1	0.085	1.25	0.55	7	3
85 At 218	218	85	133	2	-1	2.1	0.085	1.195	0.63	7	3
87 Fr 202	202	87	115	3	1	3.4375	-0.207	3.90		11	5
87 Fr 204	204	87	117	3	1	3.214285714	0.098	3.99	-0.141	9	5
87 Fr 206	206	87	119	3	1	2.916666667	0.120	3.97	-0.354	7	5
87 Fr 208	208	87	121	7	1	2.5	-0.057	4.75	0.004	5	5
87 Fr 210	210	87	123	6	1	1.875	-0.052	4.40	0.19	3	5
87 Fr 212	212	87	125	5	1	0.833333333	-0.008	4.62	-0.1	1	5
87 Fr 214	214	87	127	1	-1	0.833333333	0.018	0.241		1	5
87 Fr 220	220	87	133	1	1	2.916666667	0.088	-0.66	0.487	7	5
87 Fr 222	222	87	135	2	-1	3.214285714	0.1270	0.63	0.51	9	5
87 Fr 224	224	87	137	1	-1	3.4375	0.1417	0.40	0.517	11	5
87 Fr 226	226	87	139	1	-1	3.611111111	0.171	0.071	-1.35	13	5
87 Fr 228	228	87	141	2	-1	3.75	0.189	-0.76	2.38	15	5
89 Ac 214	214	89	125	5	1	0.875	-0.018	4.84	0.14	1	7
89 Ac 226	226	89	137	1	1	4.277777778		1.06		11	7
89 Ac 228	228	89	139	3	1	4.55	0.2022	1.1		13	7
91 Pa 228	228	91	137	3	1	4.95	0.2303	3.48		11	9
91 Pa 230	230	91	139	2	-1	5.318181818	0.2299	2.0		13	9
95 Am 242	242	95	147	1	-1	8.029411765	0.2904	0.3854	-2.44	21	13
99 Es 254	254	99	155	7	1	10.7173913	0.304	4.4		29	17
